$ANSIBLE_VAULT;1.1;AES256
39663062353633643337356239323361623731613537393233316266633935626439363365373232
3837356338643163366365626366343862396336666165650a303436376666636138353633396663
33323264383231376439323537323630333236316161306365356162333666363539646438313432
6133323933326630390a313531373530376339373031373332366662383531343865386263656435
30316461343966353261336462373130326262393639666465383632376565376637383139383165
61303939313465623833623236383062663762356630646635306532313836326238383332663962
64313232343965353834313937386338393031373763633261393165626530646138303665343135
64316262616364376163616264373062643561363635643838666561623333613463653835636363
65616635623735396535326132323436643765636131623038373161663366643664303234363036
37623132316231623564303066303539623963303037613662663132623635383238393062316234
39643738643563383163633034323635393761613836396262616665626262373836663333653139
38643466393038613130336262306133613364656462623663613262653739646639613562333166
35313938653431323664366138636464353961633066386535313961383232316531353832353436
66616337326238646266316436343963663333383435313662376239393538633333646338626263
31636163333236346635333064653739626634653331363664636665353364636263303935343562
38386137663062393135336139353034393030303530386130616261316464353464393538633036
63316434373865303736613563366233663665643335356166316465393862626262306431653565
36633263633530366464303931363035663433333062623230376237656537353862363766383064
61646164333637666666393833316536353435306132313732656437636239356466623262333232
38623935633539333138656438623936646232363331626361313063303737336662373035313432
65373866666630326334333837643336313130643733656666343539363166353061363163623966
31343036303666356538323331346164343033613063616662313761333434353863303739333838
66396131356162623431393962656234353538336630623234363833336634363937306634333536
34303362376330386264616566306238323731303536326437306666313036373262383334613464
63393631633561633462653834663630656138386137353465626431656364343137616538363938
64393938303732663961393765623233646461666334623766666139653034663439393961646134
63323361613137303163663163623137356433353537636361336435373636343835336237346431
33313431633835343039
